Frequency (Hz)	Level (dB)
21.533203	-44.883068
43.066406	-40.456768
64.599609	-37.801060
86.132812	-43.048874
107.666016	-41.351551
129.199219	-31.971937
150.732422	-32.017601
172.265625	-41.638168
193.798828	-39.729969
215.332031	-38.640877
236.865234	-34.197563
258.398438	-30.291519
279.931641	-30.046682
301.464844	-34.070946
322.998047	-34.078075
344.531250	-31.420664
366.064453	-31.444635
387.597656	-36.163067
409.130859	-40.868568
430.664062	-43.409969
452.197266	-47.714966
473.730469	-47.558933
495.263672	-47.310471
516.796875	-46.899582
538.330078	-44.112926
559.863281	-42.098045
581.396484	-46.076977
602.929688	-49.986027
624.462891	-48.280918
645.996094	-49.257053
667.529297	-49.444729
689.062500	-44.593731
710.595703	-41.428177
732.128906	-44.786716
753.662109	-52.455868
775.195312	-55.614895
796.728516	-56.223133
818.261719	-49.970444
839.794922	-45.740108
861.328125	-47.507893
882.861328	-52.932396
904.394531	-56.613407
925.927734	-56.543034
947.460938	-56.704662
968.994141	-51.741562
990.527344	-48.742996
1012.060547	-49.253803
1033.593750	-49.387981
1055.126953	-50.907425
1076.660156	-52.362724
1098.193359	-50.613625
1119.726562	-47.211636
1141.259766	-45.728249
1162.792969	-48.506771
1184.326172	-53.940437
1205.859375	-55.358582
1227.392578	-55.277653
1248.925781	-53.812458
1270.458984	-56.430634
1291.992188	-59.284252
1313.525391	-58.120773
1335.058594	-58.448605
1356.591797	-59.988518
1378.125000	-62.005291
1399.658203	-60.147873
1421.191406	-58.309151
1442.724609	-57.441467
1464.257812	-55.292122
1485.791016	-54.766247
1507.324219	-51.080875
1528.857422	-48.316704
1550.390625	-49.148365
1571.923828	-51.383053
1593.457031	-52.560448
1614.990234	-49.756657
1636.523438	-48.551136
1658.056641	-48.826530
1679.589844	-50.103836
1701.123047	-51.527161
1722.656250	-54.109669
1744.189453	-57.007797
1765.722656	-59.734966
1787.255859	-58.418987
1808.789062	-55.175720
1830.322266	-52.137745
1851.855469	-53.644600
1873.388672	-53.484299
1894.921875	-51.613422
1916.455078	-53.476414
1937.988281	-58.014057
1959.521484	-53.702091
1981.054688	-51.808201
2002.587891	-57.645428
2024.121094	-62.431103
2045.654297	-61.736027
2067.187500	-61.036434
2088.720703	-58.927055
2110.253906	-55.247883
2131.787109	-54.634068
2153.320312	-55.394131
2174.853516	-55.776161
2196.386719	-55.096657
2217.919922	-55.566570
2239.453125	-54.549282
2260.986328	-53.285652
2282.519531	-52.397636
2304.052734	-52.719437
2325.585938	-53.534798
2347.119141	-55.082279
2368.652344	-57.368786
2390.185547	-57.857697
2411.718750	-56.499607
2433.251953	-53.147675
2454.785156	-39.450043
2476.318359	-22.324871
2497.851562	-20.753845
2519.384766	-32.137535
2540.917969	-50.962105
2562.451172	-57.325436
2583.984375	-56.435165
2605.517578	-54.622643
2627.050781	-54.286640
2648.583984	-53.562378
2670.117188	-51.807640
2691.650391	-50.518982
2713.183594	-51.839649
2734.716797	-54.132915
2756.250000	-56.058361
2777.783203	-57.486233
2799.316406	-58.166935
2820.849609	-59.355026
2842.382812	-59.962219
2863.916016	-58.503925
2885.449219	-57.870247
2906.982422	-54.355560
2928.515625	-51.345806
2950.048828	-51.498322
2971.582031	-53.818523
2993.115234	-55.660065
3014.648438	-58.083176
3036.181641	-59.171360
3057.714844	-60.422623
3079.248047	-59.146580
3100.781250	-58.711948
3122.314453	-60.416500
3143.847656	-61.987854
3165.380859	-63.324512
3186.914062	-63.060696
3208.447266	-61.432140
3229.980469	-60.288105
3251.513672	-60.294281
3273.046875	-62.355930
3294.580078	-64.711006
3316.113281	-63.770515
3337.646484	-62.345604
3359.179688	-60.134327
3380.712891	-59.907433
3402.246094	-60.248013
3423.779297	-61.074215
3445.312500	-62.745403
3466.845703	-65.537582
3488.378906	-68.481155
3509.912109	-70.522720
3531.445312	-71.068634
3552.978516	-68.485359
3574.511719	-66.522491
3596.044922	-65.920151
3617.578125	-65.791130
3639.111328	-62.176933
3660.644531	-61.510639
3682.177734	-63.956669
3703.710938	-65.509972
3725.244141	-66.394043
3746.777344	-65.568855
3768.310547	-61.487911
3789.843750	-62.010662
3811.376953	-63.044403
3832.910156	-62.249039
3854.443359	-62.546307
3875.976562	-62.389645
3897.509766	-62.169502
3919.042969	-62.028263
3940.576172	-61.378448
3962.109375	-60.581825
3983.642578	-59.638245
4005.175781	-62.636448
4026.708984	-66.146416
4048.242188	-66.963882
4069.775391	-65.230026
4091.308594	-61.630390
4112.841797	-59.796848
4134.375000	-60.982914
4155.908203	-63.530815
4177.441406	-62.916538
4198.974609	-62.420578
4220.507812	-61.623425
4242.041016	-62.656731
4263.574219	-64.340912
4285.107422	-66.049652
4306.640625	-65.505814
4328.173828	-64.589867
4349.707031	-65.864647
4371.240234	-67.924271
4392.773438	-68.741348
4414.306641	-69.379601
4435.839844	-69.547302
4457.373047	-69.689034
4478.906250	-71.434692
4500.439453	-71.766586
4521.972656	-72.134804
4543.505859	-73.757843
4565.039062	-73.562347
4586.572266	-75.053932
4608.105469	-76.556198
4629.638672	-78.091972
4651.171875	-79.270370
4672.705078	-78.433052
4694.238281	-78.159172
4715.771484	-77.776657
4737.304688	-77.885857
4758.837891	-76.806244
4780.371094	-75.640945
4801.904297	-76.987755
4823.437500	-81.113327
4844.970703	-84.702728
4866.503906	-84.677605
4888.037109	-82.066521
4909.570312	-81.782028
4931.103516	-81.766167
4952.636719	-82.179947
4974.169922	-83.686234
4995.703125	-84.284576
5017.236328	-83.885376
5038.769531	-85.710800
5060.302734	-83.141808
5081.835938	-83.843727
5103.369141	-84.202957
5124.902344	-83.893089
5146.435547	-84.966225
5167.968750	-86.846764
5189.501953	-86.215431
5211.035156	-86.626305
5232.568359	-88.088539
5254.101562	-88.773849
5275.634766	-88.059296
5297.167969	-87.868317
5318.701172	-87.184227
5340.234375	-84.791534
5361.767578	-82.791420
5383.300781	-83.637161
5404.833984	-86.313957
5426.367188	-88.906815
5447.900391	-92.387901
5469.433594	-92.853439
5490.966797	-91.246918
5512.500000	-89.072914
5534.033203	-89.214645
5555.566406	-89.763245
5577.099609	-88.954216
5598.632812	-90.465164
5620.166016	-89.930405
5641.699219	-88.460594
5663.232422	-89.748337
5684.765625	-91.361328
5706.298828	-92.675392
5727.832031	-93.814629
5749.365234	-93.051872
5770.898438	-93.528236
5792.431641	-93.415367
5813.964844	-92.827888
5835.498047	-92.588852
5857.031250	-92.845039
5878.564453	-91.911087
5900.097656	-90.729446
5921.630859	-90.978889
5943.164062	-90.142670
5964.697266	-89.695709
5986.230469	-92.508598
6007.763672	-94.759087
6029.296875	-93.237823
6050.830078	-93.976967
6072.363281	-94.491028
6093.896484	-92.755875
6115.429688	-92.231369
6136.962891	-91.229378
6158.496094	-91.418991
6180.029297	-91.454933
6201.562500	-94.599113
6223.095703	-97.145370
6244.628906	-97.098976
6266.162109	-96.959854
6287.695312	-97.432175
6309.228516	-97.606194
6330.761719	-96.840645
6352.294922	-96.942459
6373.828125	-97.315628
6395.361328	-96.259453
6416.894531	-95.032333
6438.427734	-94.096054
6459.960938	-94.200218
6481.494141	-94.656197
6503.027344	-96.155952
6524.560547	-97.718414
6546.093750	-97.492760
6567.626953	-97.135429
6589.160156	-98.615150
6610.693359	-98.760338
6632.226562	-97.955544
6653.759766	-98.265411
6675.292969	-98.527077
6696.826172	-98.819412
6718.359375	-97.320953
6739.892578	-96.369255
6761.425781	-98.194237
6782.958984	-98.489571
6804.492188	-95.984245
6826.025391	-94.944923
6847.558594	-98.098434
6869.091797	-97.625893
6890.625000	-97.397476
6912.158203	-98.747856
6933.691406	-99.746689
6955.224609	-99.968529
6976.757812	-100.057343
6998.291016	-99.983658
7019.824219	-100.938507
7041.357422	-101.310829
7062.890625	-100.637589
7084.423828	-99.769852
7105.957031	-100.040382
7127.490234	-99.923294
7149.023438	-100.724068
7170.556641	-100.735466
7192.089844	-99.755470
7213.623047	-99.722946
7235.156250	-100.000221
7256.689453	-99.821465
7278.222656	-100.374474
7299.755859	-100.199799
7321.289062	-100.313393
7342.822266	-100.902016
7364.355469	-101.300438
7385.888672	-100.815643
7407.421875	-101.086830
7428.955078	-101.320808
7450.488281	-101.418320
7472.021484	-101.528641
7493.554688	-101.235786
7515.087891	-99.154449
7536.621094	-97.228882
7558.154297	-99.741615
7579.687500	-99.980476
7601.220703	-98.878456
7622.753906	-100.607285
7644.287109	-99.729462
7665.820312	-99.331078
7687.353516	-99.175827
7708.886719	-100.507309
7730.419922	-101.450523
7751.953125	-101.655319
7773.486328	-101.697929
7795.019531	-101.503891
7816.552734	-100.766472
7838.085938	-100.851738
7859.619141	-100.891396
7881.152344	-101.214424
7902.685547	-101.835686
7924.218750	-101.861649
7945.751953	-102.334923
7967.285156	-102.592438
7988.818359	-101.933502
8010.351562	-101.571198
8031.884766	-101.783073
8053.417969	-101.431847
8074.951172	-101.458565
8096.484375	-101.554306
8118.017578	-101.926826
8139.550781	-102.447716
8161.083984	-101.422882
8182.617188	-100.990356
8204.150391	-101.007767
8225.683594	-99.906029
8247.216797	-99.382095
8268.750000	-100.803444
8290.283203	-99.131836
8311.816406	-100.247826
8333.349609	-99.795158
8354.882812	-100.946365
8376.416016	-101.154655
8397.949219	-100.382278
8419.482422	-100.319145
8441.015625	-101.258034
8462.548828	-100.219528
8484.082031	-99.807907
8505.615234	-99.768700
8527.148438	-101.160378
8548.681641	-102.308823
8570.214844	-101.784378
8591.748047	-102.139465
8613.281250	-102.873199
8634.814453	-102.627853
8656.347656	-101.686287
8677.880859	-102.132988
8699.414062	-103.005409
8720.947266	-102.684723
8742.480469	-101.475319
8764.013672	-101.546822
8785.546875	-101.842842
8807.080078	-102.916634
8828.613281	-103.334106
8850.146484	-101.431541
8871.679688	-101.008865
8893.212891	-102.403603
8914.746094	-102.826233
8936.279297	-103.405067
8957.812500	-102.967430
8979.345703	-102.581787
9000.878906	-102.649094
9022.412109	-103.301941
9043.945312	-102.846481
9065.478516	-102.216011
9087.011719	-101.711090
9108.544922	-101.769791
9130.078125	-101.925415
9151.611328	-102.699097
9173.144531	-102.323105
9194.677734	-102.174004
9216.210938	-102.716042
9237.744141	-103.249512
9259.277344	-102.950447
9280.810547	-103.310036
9302.343750	-103.647110
9323.876953	-102.700027
9345.410156	-102.155594
9366.943359	-102.981560
9388.476562	-103.196945
9410.009766	-103.495911
9431.542969	-103.167496
9453.076172	-102.927254
9474.609375	-103.547974
9496.142578	-102.983505
9517.675781	-102.580582
9539.208984	-103.110397
9560.742188	-103.221352
9582.275391	-103.473602
9603.808594	-103.788483
9625.341797	-103.467026
9646.875000	-103.416313
9668.408203	-103.662369
9689.941406	-103.410362
9711.474609	-104.008865
9733.007812	-104.368622
9754.541016	-103.430161
9776.074219	-103.479454
9797.607422	-103.457657
9819.140625	-104.239227
9840.673828	-103.988274
9862.207031	-104.009071
9883.740234	-104.349075
9905.273438	-104.313461
9926.806641	-104.438370
9948.339844	-104.072403
9969.873047	-103.990242
9991.406250	-103.627937
10012.939453	-104.109604
10034.472656	-104.342392
10056.005859	-104.307999
10077.539062	-104.688652
10099.072266	-104.435913
10120.605469	-104.741104
10142.138672	-104.876007
10163.671875	-104.669456
10185.205078	-104.823555
10206.738281	-104.672676
10228.271484	-105.043610
10249.804688	-105.795181
10271.337891	-105.203110
10292.871094	-105.085266
10314.404297	-105.300934
10335.937500	-105.111259
10357.470703	-104.890007
10379.003906	-105.182442
10400.537109	-104.969391
10422.070312	-105.130836
10443.603516	-104.437531
10465.136719	-104.601173
10486.669922	-105.913651
10508.203125	-105.877113
10529.736328	-104.938652
10551.269531	-104.486115
10572.802734	-105.009674
10594.335938	-104.795113
10615.869141	-105.040169
10637.402344	-105.146889
10658.935547	-105.255127
10680.468750	-105.417274
10702.001953	-104.733917
10723.535156	-104.981850
10745.068359	-105.298340
10766.601562	-105.345642
10788.134766	-105.362938
10809.667969	-105.126884
10831.201172	-104.891327
10852.734375	-105.067459
10874.267578	-105.161201
10895.800781	-104.986115
10917.333984	-104.987129
10938.867188	-104.521233
10960.400391	-104.474167
10981.933594	-104.900337
11003.466797	-104.988220
11025.000000	-104.771645
11046.533203	-104.288170
11068.066406	-103.739197
11089.599609	-103.654510
11111.132812	-104.241325
11132.666016	-104.210266
11154.199219	-104.407455
11175.732422	-104.287224
11197.265625	-104.183968
11218.798828	-103.494835
11240.332031	-103.816231
11261.865234	-104.273262
11283.398438	-104.455597
11304.931641	-104.182121
11326.464844	-104.522522
11347.998047	-104.432175
11369.531250	-103.922592
11391.064453	-104.281609
11412.597656	-104.313057
11434.130859	-104.138641
11455.664062	-103.797485
11477.197266	-103.438599
11498.730469	-103.835403
11520.263672	-103.633644
11541.796875	-102.962250
11563.330078	-102.926949
11584.863281	-103.874763
11606.396484	-103.880493
11627.929688	-103.607513
11649.462891	-103.103706
11670.996094	-103.541893
11692.529297	-103.579132
11714.062500	-103.782036
11735.595703	-104.039490
11757.128906	-104.412956
11778.662109	-104.339035
11800.195312	-104.033638
11821.728516	-103.965332
11843.261719	-104.083694
11864.794922	-103.654114
11886.328125	-103.614738
11907.861328	-102.928314
11929.394531	-103.260216
11950.927734	-104.556450
11972.460938	-104.165359
11993.994141	-104.210464
12015.527344	-104.310310
12037.060547	-104.148438
12058.593750	-103.596680
12080.126953	-103.950462
12101.660156	-103.904823
12123.193359	-103.794441
12144.726562	-104.096222
12166.259766	-104.401749
12187.792969	-104.348572
12209.326172	-104.045929
12230.859375	-103.300957
12252.392578	-103.721199
12273.925781	-103.570694
12295.458984	-104.320045
12316.992188	-103.761642
12338.525391	-103.713501
12360.058594	-103.905884
12381.591797	-103.954201
12403.125000	-103.927933
12424.658203	-103.330673
12446.191406	-103.390495
12467.724609	-103.163261
12489.257812	-103.218521
12510.791016	-103.477623
12532.324219	-103.796036
12553.857422	-104.147194
12575.390625	-104.569160
12596.923828	-104.833710
12618.457031	-103.871918
12639.990234	-103.481201
12661.523438	-103.671257
12683.056641	-104.176445
12704.589844	-104.057167
12726.123047	-103.684029
12747.656250	-103.649780
12769.189453	-103.371185
12790.722656	-103.066795
12812.255859	-103.478142
12833.789062	-104.316040
12855.322266	-103.985847
12876.855469	-103.976578
12898.388672	-103.674805
12919.921875	-103.910858
12941.455078	-104.831627
12962.988281	-105.133087
12984.521484	-104.622437
13006.054688	-104.878075
13027.587891	-105.084335
13049.121094	-104.521385
13070.654297	-104.568504
13092.187500	-107.037178
13113.720703	-112.463097
13135.253906	-119.930260
13156.787109	-121.760582
13178.320312	-122.557167
13199.853516	-122.828247
13221.386719	-121.579857
13242.919922	-122.165833
13264.453125	-122.512978
13285.986328	-119.530289
13307.519531	-121.636116
13329.052734	-124.289658
13350.585938	-124.332695
13372.119141	-124.422874
13393.652344	-122.103348
13415.185547	-120.462585
13436.718750	-123.219772
13458.251953	-122.455910
13479.785156	-122.481010
13501.318359	-124.191284
13522.851562	-124.197563
13544.384766	-124.400299
13565.917969	-124.044464
13587.451172	-122.688637
13608.984375	-123.925400
13630.517578	-123.130394
13652.050781	-121.135490
13673.583984	-123.378174
13695.117188	-124.215225
13716.650391	-123.964813
13738.183594	-123.907860
13759.716797	-119.901794
13781.250000	-120.190300
13802.783203	-124.058105
13824.316406	-123.881607
13845.849609	-124.087204
13867.382812	-122.754936
13888.916016	-119.371063
13910.449219	-122.358650
13931.982422	-124.506485
13953.515625	-124.465805
13975.048828	-124.458122
13996.582031	-123.171822
14018.115234	-122.665924
14039.648438	-123.982773
14061.181641	-120.755798
14082.714844	-121.505096
14104.248047	-123.482315
14125.781250	-120.243507
14147.314453	-122.142586
14168.847656	-124.123894
14190.380859	-122.605881
14211.914062	-123.096184
14233.447266	-120.260651
14254.980469	-118.614708
14276.513672	-121.972824
14298.046875	-122.396309
14319.580078	-122.270660
14341.113281	-122.911446
14362.646484	-121.550362
14384.179688	-122.094704
14405.712891	-122.877945
14427.246094	-119.656082
14448.779297	-122.024208
14470.312500	-124.240982
14491.845703	-123.873146
14513.378906	-124.385681
14534.912109	-123.491859
14556.445312	-123.316772
14577.978516	-123.321289
14599.511719	-114.240578
14621.044922	-114.314278
14642.578125	-122.556664
14664.111328	-120.055061
14685.644531	-121.776299
14707.177734	-124.669670
14728.710938	-124.776062
14750.244141	-124.937294
14771.777344	-124.596870
14793.310547	-124.252014
14814.843750	-124.354065
14836.376953	-123.621330
14857.910156	-123.178619
14879.443359	-123.739677
14900.976562	-122.768311
14922.509766	-122.975426
14944.042969	-123.939323
14965.576172	-121.646233
14987.109375	-123.012436
15008.642578	-121.698738
15030.175781	-118.302681
15051.708984	-122.043175
15073.242188	-124.667099
15094.775391	-124.733749
15116.308594	-125.147758
15137.841797	-124.210587
15159.375000	-124.020317
15180.908203	-124.263367
15202.441406	-124.742813
15223.974609	-125.088226
15245.507812	-122.260674
15267.041016	-117.173805
15288.574219	-120.006485
15310.107422	-121.825127
15331.640625	-118.919968
15353.173828	-122.695633
15374.707031	-122.613937
15396.240234	-121.247551
15417.773438	-123.472298
15439.306641	-119.439957
15460.839844	-119.587593
15482.373047	-124.088089
15503.906250	-124.269638
15525.439453	-124.440071
15546.972656	-123.668571
15568.505859	-121.394264
15590.039062	-123.197601
15611.572266	-123.688469
15633.105469	-123.038811
15654.638672	-124.097641
15676.171875	-124.266159
15697.705078	-124.956062
15719.238281	-125.333557
15740.771484	-124.629440
15762.304688	-124.357162
15783.837891	-123.992676
15805.371094	-121.217018
15826.904297	-122.953430
15848.437500	-121.527107
15869.970703	-117.375992
15891.503906	-121.153900
15913.037109	-123.886612
15934.570312	-122.802971
15956.103516	-124.014854
15977.636719	-123.546021
15999.169922	-123.470917
16020.703125	-124.468185
16042.236328	-123.300186
16063.769531	-123.637138
16085.302734	-124.643387
16106.835938	-124.280602
16128.369141	-124.437935
16149.902344	-120.569801
16171.435547	-116.661713
16192.968750	-121.127777
16214.501953	-120.522331
16236.035156	-118.936470
16257.568359	-123.422119
16279.101562	-120.913910
16300.634766	-121.007324
16322.167969	-124.695297
16343.701172	-124.590279
16365.234375	-124.664658
16386.767578	-124.243195
16408.300781	-124.343498
16429.833984	-124.623329
16451.367188	-124.074364
16472.900391	-122.936531
16494.433594	-124.135300
16515.966797	-122.715828
16537.500000	-122.042206
16559.033203	-123.787102
16580.566406	-121.201012
16602.099609	-121.567986
16623.632812	-124.261902
16645.166016	-123.573936
16666.699219	-123.722588
16688.232422	-123.613441
16709.765625	-122.298225
16731.298828	-124.017662
16752.832031	-122.298538
16774.365234	-120.175537
16795.898438	-123.028427
16817.431641	-121.724998
16838.964844	-121.538589
16860.498047	-123.595314
16882.031250	-118.294571
16903.564453	-119.430923
16925.097656	-124.248970
16946.630859	-124.148308
16968.164062	-124.253853
16989.697266	-124.534088
17011.230469	-124.575684
17032.763672	-124.507782
17054.296875	-121.387207
17075.830078	-119.753876
17097.363281	-123.608582
17118.896484	-120.040421
17140.429688	-120.012482
17161.962891	-124.606537
17183.496094	-124.125877
17205.029297	-124.397820
17226.562500	-124.225258
17248.095703	-123.328194
17269.628906	-124.062782
17291.162109	-122.481155
17312.695312	-120.258636
17334.228516	-123.542976
17355.761719	-120.969917
17377.294922	-119.650520
17398.828125	-123.888412
17420.361328	-123.746872
17441.894531	-123.862679
17463.427734	-123.349800
17484.960938	-119.328178
17506.494141	-121.328751
17528.027344	-124.538757
17549.560547	-124.303207
17571.093750	-124.474396
17592.626953	-124.233223
17614.160156	-123.801300
17635.693359	-124.330132
17657.226562	-120.442513
17678.759766	-119.752151
17700.292969	-123.525116
17721.826172	-124.195244
17743.359375	-124.725128
17764.892578	-124.539902
17786.425781	-123.755630
17807.958984	-124.001358
17829.492188	-124.193649
17851.025391	-123.923920
17872.558594	-123.988731
17894.091797	-122.982765
17915.625000	-122.372543
17937.158203	-124.413162
17958.691406	-121.185631
17980.224609	-120.857910
18001.757812	-124.350182
18023.291016	-124.508018
18044.824219	-123.954163
18066.357422	-124.049393
18087.890625	-124.598328
18109.423828	-124.361443
18130.957031	-124.352882
18152.490234	-124.416077
18174.023438	-124.099159
18195.556641	-119.802071
18217.089844	-118.420288
18238.623047	-123.356720
18260.156250	-123.891129
18281.689453	-123.838509
18303.222656	-123.689018
18324.755859	-120.550262
18346.289062	-122.070297
18367.822266	-123.698479
18389.355469	-122.070778
18410.888672	-124.022354
18432.421875	-120.078590
18453.955078	-117.378891
18475.488281	-122.407219
18497.021484	-124.081139
18518.554688	-124.208092
18540.087891	-124.298882
18561.621094	-122.447121
18583.154297	-122.888329
18604.687500	-123.499649
18626.220703	-119.265778
18647.753906	-121.528938
18669.287109	-124.258415
18690.820312	-123.892555
18712.353516	-124.246574
18733.886719	-124.390762
18755.419922	-124.156509
18776.953125	-124.583824
18798.486328	-119.997871
18820.019531	-119.582703
18841.552734	-123.994041
18863.085938	-123.159698
18884.619141	-123.438408
18906.152344	-124.018661
18927.685547	-123.694519
18949.218750	-124.032654
18970.751953	-124.204903
18992.285156	-123.685890
19013.818359	-123.952286
19035.351562	-123.804176
19056.884766	-123.581802
19078.417969	-124.093452
19099.951172	-121.998077
19121.484375	-122.187950
19143.017578	-124.309883
19164.550781	-124.319160
19186.083984	-124.448372
19207.617188	-123.604088
19229.150391	-121.065895
19250.683594	-123.307068
19272.216797	-122.752518
19293.750000	-120.813194
19315.283203	-123.491714
19336.816406	-124.230171
19358.349609	-124.255569
19379.882812	-124.290207
19401.416016	-120.514526
19422.949219	-120.863800
19444.482422	-123.666000
19466.015625	-121.193481
19487.548828	-122.986420
19509.082031	-121.527336
19530.615234	-117.646873
19552.148438	-121.571678
19573.681641	-122.964714
19595.214844	-122.119247
19616.748047	-124.201202
19638.281250	-122.887436
19659.814453	-122.809486
19681.347656	-123.840828
19702.880859	-120.283371
19724.414062	-121.351280
19745.947266	-123.604904
19767.480469	-121.869095
19789.013672	-123.365303
19810.546875	-124.486282
19832.080078	-124.698135
19853.613281	-124.400871
19875.146484	-124.451508
19896.679688	-124.483284
19918.212891	-124.674736
19939.746094	-120.268822
19961.279297	-120.374603
19982.812500	-123.710159
20004.345703	-121.212425
20025.878906	-122.601387
20047.412109	-124.545876
20068.945312	-124.684845
20090.478516	-124.622467
20112.011719	-122.754021
20133.544922	-120.945259
20155.078125	-123.939285
20176.611328	-124.115181
20198.144531	-124.607208
20219.677734	-124.548241
20241.210938	-120.749176
20262.744141	-121.330460
20284.277344	-122.470322
20305.810547	-117.742424
20327.343750	-120.350471
20348.876953	-123.720688
20370.410156	-122.013313
20391.943359	-123.685135
20413.476562	-118.089867
20435.009766	-115.495232
20456.542969	-121.946594
20478.076172	-123.674026
20499.609375	-123.407707
20521.142578	-123.635895
20542.675781	-121.229370
20564.208984	-122.222832
20585.742188	-123.553444
20607.275391	-121.818932
20628.808594	-123.096741
20650.341797	-122.382423
20671.875000	-120.096207
20693.408203	-123.039795
20714.941406	-123.834869
20736.474609	-123.978386
20758.007812	-124.228081
20779.541016	-122.147568
20801.074219	-122.160858
20822.607422	-124.307030
20844.140625	-122.511902
20865.673828	-123.434113
20887.207031	-124.761978
20908.740234	-124.667892
20930.273438	-124.516914
20951.806641	-124.588310
20973.339844	-124.424622
20994.873047	-124.482727
21016.406250	-121.891830
21037.939453	-121.170891
21059.472656	-123.722343
21081.005859	-118.873558
21102.539062	-119.591347
21124.072266	-122.558563
21145.605469	-117.337410
21167.138672	-119.966087
21188.671875	-123.466980
21210.205078	-121.512337
21231.738281	-123.769089
21253.271484	-124.406555
21274.804688	-124.466370
21296.337891	-124.692963
21317.871094	-124.329109
21339.404297	-124.320633
21360.937500	-124.685150
21382.470703	-124.043442
21404.003906	-123.971725
21425.537109	-121.970024
21447.070312	-117.081947
21468.603516	-120.181915
21490.136719	-124.479576
21511.669922	-124.175735
21533.203125	-124.140297
21554.736328	-123.727219
21576.269531	-123.326859
21597.802734	-124.414749
21619.335938	-123.171654
21640.869141	-123.111618
21662.402344	-123.966835
21683.935547	-122.528557
21705.468750	-123.156593
21727.001953	-124.126984
21748.535156	-123.212631
21770.068359	-124.087891
21791.601562	-123.035835
21813.134766	-121.507957
21834.667969	-124.036079
21856.201172	-124.246651
21877.734375	-123.875534
21899.267578	-123.868362
21920.800781	-119.903938
21942.333984	-120.338898
21963.867188	-123.689766
21985.400391	-120.874710
22006.933594	-122.228317
22028.466797	-124.323677
